### Custom Random Forest Model (7 Features) ###
# Features: [r, std, lin, curv, span, count, grad]
# N_TREES: 40
# Feature Dimension: 7
# SECTION 1: Mu/Sigma
3.05846714 0.02234626 0.01111911 9.35441603 0.15579037 6.88713855 0.01509625 
0.93912378 0.01766014 0.02878473 15.24812382 0.21535209 8.60974591 0.00993041 
# SECTION 2: Trees (Pre-order Traversal)
# Format: is_leaf feature threshold prediction
TREE 1
0 4 1.27330225 0
0 4 1.03435762 0
0 1 -2.22059880 0
0 7 -1.11020794 0
1 0 0.000000 0
0 6 0.36155091 0
1 0 0.000000 1
1 0 0.000000 2
0 7 -0.71459780 0
0 1 -0.93023255 0
0 2 -0.61036534 0
1 0 0.000000 0
1 0 0.000000 2
1 0 0.000000 0
1 0 0.000000 0
0 5 -0.25381896 0
0 6 0.07118229 0
1 0 0.000000 0
1 0 0.000000 1
0 7 -0.30836176 0
0 7 -1.02385774 0
1 0 0.000000 2
1 0 0.000000 2
1 0 0.000000 0
0 5 -0.18450476 0
0 6 0.30347718 0
0 4 1.34995366 0
1 0 0.000000 0
1 0 0.000000 0
0 5 -0.21134038 0
0 1 -2.30170438 0
0 3 1.87089284 0
0 5 -0.24175435 0
1 0 0.000000 1
1 0 0.000000 2
1 0 0.000000 1
0 6 0.59384580 0
1 0 0.000000 1
1 0 0.000000 2
0 3 2.96368369 0
1 0 0.000000 2
1 0 0.000000 1
0 3 0.71420051 0
1 0 0.000000 0
0 6 2.16183632 0
0 1 -2.67796484 0
1 0 0.000000 2
0 3 1.48827171 0
0 7 -0.90736783 0
1 0 0.000000 2
1 0 0.000000 1
0 4 1.99406000 0
0 1 -2.65273276 0
1 0 0.000000 1
1 0 0.000000 2
1 0 0.000000 2
1 0 0.000000 1
TREE 2
0 4 0.97879077 0
0 7 -0.50296979 0
0 3 2.36605267 0
0 3 -0.20353469 0
1 0 0.000000 0
0 1 -1.66242376 0
1 0 0.000000 1
1 0 0.000000 0
1 0 0.000000 2
1 0 0.000000 0
0 5 -0.22095803 0
0 5 -0.34176628 0
0 6 0.18732974 0
0 3 -0.29388394 0
1 0 0.000000 1
0 1 -2.63004962 0
1 0 0.000000 0
1 0 0.000000 0
1 0 0.000000 1
0 1 -2.16683495 0
0 5 -0.22934547 0
0 1 -2.27529679 0
0 2 -0.70793183 0
0 3 1.64908715 0
0 5 -0.28717006 0
1 0 0.000000 1
1 0 0.000000 2
1 0 0.000000 1
1 0 0.000000 1
0 5 -0.24948535 0
1 0 0.000000 1
1 0 0.000000 2
0 3 2.57094748 0
1 0 0.000000 2
1 0 0.000000 1
1 0 0.000000 2
0 2 -0.23216593 0
0 1 -1.59045468 0
0 1 -2.68206498 0
1 0 0.000000 1
0 3 1.02345399 0
1 0 0.000000 2
0 1 -2.64979439 0
0 6 1.63917281 0
1 0 0.000000 1
1 0 0.000000 2
1 0 0.000000 2
1 0 0.000000 0
0 3 2.82012360 0
1 0 0.000000 0
1 0 0.000000 2
TREE 3
0 1 -0.99211325 0
0 6 0.18732974 0
0 4 0.65221191 0
1 0 0.000000 0
0 1 -2.30929850 0
0 5 -0.60961001 0
1 0 0.000000 0
1 0 0.000000 1
1 0 0.000000 0
0 5 -0.20121844 0
0 1 -2.19656931 0
0 3 1.93851873 0
0 1 -2.27524839 0
0 6 0.76806697 0
1 0 0.000000 1
0 5 -0.24677497 0
0 4 2.13501085 0
1 0 0.000000 1
1 0 0.000000 1
1 0 0.000000 2
0 5 -0.23908063 0
1 0 0.000000 1
1 0 0.000000 2
0 5 -0.24539260 0
1 0 0.000000 1
0 5 -0.22815375 0
1 0 0.000000 1
1 0 0.000000 2
1 0 0.000000 2
0 1 -2.67746084 0
0 2 -0.21420098 0
0 3 1.74140676 0
1 0 0.000000 1
1 0 0.000000 2
1 0 0.000000 1
0 2 -0.38320095 0
0 7 -0.84985275 0
0 1 -2.64803302 0
0 6 1.58109909 0
1 0 0.000000 1
1 0 0.000000 2
0 1 -2.27226375 0
1 0 0.000000 2
0 3 1.79459752 0
1 0 0.000000 2
1 0 0.000000 2
0 4 2.24245406 0
1 0 0.000000 1
1 0 0.000000 2
0 2 -0.11311661 0
1 0 0.000000 2
1 0 0.000000 0
1 0 0.000000 0
TREE 4
0 1 -0.88083931 0
0 5 -0.20067376 0
0 4 0.80853294 0
0 4 0.23163567 0
1 0 0.000000 0
1 0 0.000000 1
0 6 0.18732974 0
0 3 -0.15765269 0
1 0 0.000000 1
1 0 0.000000 0
0 4 1.35846689 0
0 3 1.90933466 0
0 5 -0.26732601 0
1 0 0.000000 1
1 0 0.000000 2
1 0 0.000000 1
0 3 1.62099827 0
0 1 -2.33008302 0
0 7 -1.17854060 0
1 0 0.000000 1
1 0 0.000000 2
1 0 0.000000 1
0 7 -1.01670009 0
1 0 0.000000 1
0 3 1.91551099 0
1 0 0.000000 1
0 5 -0.21342504 0
1 0 0.000000 1
1 0 0.000000 2
0 3 0.41325331 0
1 0 0.000000 0
0 1 -2.64805722 0
0 6 2.10376260 0
0 4 2.26499057 0
1 0 0.000000 1
1 0 0.000000 2
1 0 0.000000 1
0 6 0.18732974 0
1 0 0.000000 0
0 6 0.76806697 0
0 1 -2.24780501 0
1 0 0.000000 1
1 0 0.000000 2
0 5 -0.02069836 0
1 0 0.000000 2
0 5 0.00861644 0
1 0 0.000000 2
1 0 0.000000 0
1 0 0.000000 0
TREE 5
0 1 -2.19656931 0
0 2 -0.53119607 0
0 6 -0.27726005 0
0 3 -0.13338313 0
1 0 0.000000 0
1 0 0.000000 0
0 3 2.06886808 0
0 5 -0.20178553 0
0 6 0.01310857 0
0 7 -1.16775124 0
1 0 0.000000 0
1 0 0.000000 1
0 5 -0.21762709 0
0 6 0.88421441 0
1 0 0.000000 1
0 1 -2.46815225 0
0 1 -2.55908808 0
1 0 0.000000 1
0 2 -0.70830682 0
1 0 0.000000 2
1 0 0.000000 1
1 0 0.000000 2
1 0 0.000000 2
0 4 1.12639906 0
1 0 0.000000 1
1 0 0.000000 2
0 4 1.00701532 0
1 0 0.000000 2
0 4 1.42135607 0
0 7 -1.01670009 0
0 4 1.40764356 0
1 0 0.000000 1
1 0 0.000000 1
1 0 0.000000 2
0 3 2.10363340 0
0 5 -0.20805978 0
1 0 0.000000 1
1 0 0.000000 2
0 5 -0.18288776 0
1 0 0.000000 1
1 0 0.000000 2
0 2 -0.48910908 0
0 5 -0.19989137 0
1 0 0.000000 1
0 5 -0.16812778 0
1 0 0.000000 1
1 0 0.000000 2
0 5 -0.01791682 0
0 5 -0.22045986 0
1 0 0.000000 1
0 2 -0.17229497 0
1 0 0.000000 2
1 0 0.000000 1
0 5 -0.00816670 0
1 0 0.000000 2
0 7 -0.86620839 0
1 0 0.000000 0
1 0 0.000000 1
0 6 0.30347718 0
1 0 0.000000 0
0 5 0.29017893 0
0 1 -1.52803350 0
1 0 0.000000 2
1 0 0.000000 0
1 0 0.000000 0
TREE 6
0 1 -2.20325994 0
0 1 -2.70492827 0
0 6 0.59384580 0
1 0 0.000000 0
1 0 0.000000 1
0 6 1.23265675 0
0 2 -0.50995036 0
0 3 1.62169546 0
0 5 -0.29333322 0
0 2 -0.98084559 0
1 0 0.000000 0
0 1 -2.25898565 0
1 0 0.000000 1
1 0 0.000000 0
0 4 2.29191884 0
0 7 -1.16775124 0
1 0 0.000000 1
1 0 0.000000 2
1 0 0.000000 2
0 4 1.07727904 0
1 0 0.000000 2
0 6 0.01310857 0
1 0 0.000000 0
0 3 1.64839799 0
0 1 -2.43957445 0
1 0 0.000000 1
1 0 0.000000 2
0 5 -0.19190883 0
0 1 -2.27882634 0
0 5 -0.25283093 0
1 0 0.000000 1
1 0 0.000000 1
0 5 -0.23908063 0
1 0 0.000000 1
1 0 0.000000 2
0 4 1.21324477 0
1 0 0.000000 1
1 0 0.000000 2
0 5 -0.21235568 0
0 3 0.90848621 0
1 0 0.000000 0
1 0 0.000000 1
0 3 1.09124999 0
1 0 0.000000 0
1 0 0.000000 2
0 1 -2.64711340 0
0 6 1.69724654 0
1 0 0.000000 1
1 0 0.000000 2
0 1 -2.42229266 0
0 3 2.90739426 0
0 4 5.57352294 0
0 2 -0.37289306 0
1 0 0.000000 2
0 2 -0.19534810 0
1 0 0.000000 2
1 0 0.000000 0
1 0 0.000000 0
0 5 -0.17493675 0
1 0 0.000000 1
1 0 0.000000 2
0 5 -0.01883674 0
1 0 0.000000 2
1 0 0.000000 0
0 4 0.47583273 0
1 0 0.000000 0
0 1 -2.15050687 0
0 5 -0.25691968 0
0 5 -0.43739400 0
1 0 0.000000 0
1 0 0.000000 1
1 0 0.000000 2
0 1 -1.53716919 0
1 0 0.000000 0
1 0 0.000000 0
TREE 7
0 6 0.18732974 0
0 4 1.45850784 0
1 0 0.000000 0
0 1 -2.60281679 0
1 0 0.000000 1
1 0 0.000000 0
0 5 -0.21047883 0
0 4 1.27580894 0
0 5 -0.26667528 0
1 0 0.000000 1
1 0 0.000000 2
0 1 -2.29199514 0
0 3 1.27502029 0
0 7 -1.19458633 0
1 0 0.000000 1
1 0 0.000000 2
1 0 0.000000 1
0 6 0.53577208 0
1 0 0.000000 1
1 0 0.000000 2
0 1 -2.22697545 0
0 6 2.16183632 0
0 1 -2.68174617 0
1 0 0.000000 1
0 6 0.76806697 0
0 7 -1.02509182 0
1 0 0.000000 1
1 0 0.000000 2
0 3 1.02345399 0
1 0 0.000000 0
1 0 0.000000 2
1 0 0.000000 1
0 4 0.97492272 0
1 0 0.000000 0
1 0 0.000000 2
TREE 8
0 4 0.42195688 0
0 1 -0.94466949 0
0 4 0.26217338 0
1 0 0.000000 0
1 0 0.000000 1
1 0 0.000000 0
0 2 -0.51587047 0
0 6 0.24540346 0
0 1 -2.25587992 0
0 2 -0.96408420 0
1 0 0.000000 0
1 0 0.000000 1
1 0 0.000000 0
0 5 -0.17301928 0
0 3 1.94442890 0
0 2 -0.62614381 0
0 5 -0.25364292 0
0 3 1.64863028 0
0 1 -2.54641670 0
1 0 0.000000 1
1 0 0.000000 1
1 0 0.000000 1
1 0 0.000000 2
0 5 -0.25657103 0
1 0 0.000000 1
1 0 0.000000 2
0 7 -1.04553713 0
1 0 0.000000 1
0 1 -2.19279806 0
0 5 -0.22769908 0
1 0 0.000000 1
1 0 0.000000 1
1 0 0.000000 2
0 7 -1.03565553 0
1 0 0.000000 2
0 6 0.76806697 0
1 0 0.000000 1
1 0 0.000000 2
0 6 0.53577208 0
0 4 1.58840604 0
1 0 0.000000 0
1 0 0.000000 1
0 4 0.65766707 0
1 0 0.000000 0
0 3 2.03663052 0
0 3 1.51405211 0
0 3 0.68890799 0
1 0 0.000000 0
1 0 0.000000 1
1 0 0.000000 2
0 6 0.88421441 0
0 3 2.34114583 0
1 0 0.000000 2
0 1 -2.30281450 0
1 0 0.000000 1
1 0 0.000000 2
0 5 -0.19927277 0
1 0 0.000000 1
1 0 0.000000 2
TREE 9
0 1 -2.24107381 0
0 6 0.76806697 0
0 4 0.64627966 0
0 7 -0.69781434 0
1 0 0.000000 0
1 0 0.000000 1
0 4 6.00073012 0
0 6 -0.16111260 0
0 3 1.09272974 0
0 3 -0.19557843 0
1 0 0.000000 0
1 0 0.000000 1
1 0 0.000000 0
0 3 2.12659250 0
0 4 3.93687497 0
0 5 -0.24173136 0
1 0 0.000000 1
1 0 0.000000 2
1 0 0.000000 1
1 0 0.000000 1
1 0 0.000000 0
0 2 -0.57608758 0
0 3 1.81650780 0
0 1 -2.67977041 0
1 0 0.000000 1
0 5 -0.20434126 0
0 5 -0.24175435 0
1 0 0.000000 1
1 0 0.000000 2
1 0 0.000000 2
0 1 -2.46438228 0
0 5 -0.18730184 0
1 0 0.000000 1
1 0 0.000000 2
0 5 -0.23133079 0
1 0 0.000000 1
1 0 0.000000 2
0 1 -2.60168098 0
0 5 -0.16778533 0
1 0 0.000000 1
0 1 -2.72508945 0
1 0 0.000000 1
1 0 0.000000 2
0 5 -0.23792776 0
1 0 0.000000 1
0 5 -0.22586963 0
1 0 0.000000 1
0 3 3.16933834 0
1 0 0.000000 2
0 7 -0.99814995 0
1 0 0.000000 1
1 0 0.000000 2
0 1 -0.73724801 0
0 3 1.33538329 0
1 0 0.000000 0
0 1 -2.09691081 0
0 6 0.53577208 0
0 4 1.12762545 0
1 0 0.000000 2
1 0 0.000000 1
1 0 0.000000 2
1 0 0.000000 0
1 0 0.000000 0
TREE 10
0 1 -0.73453272 0
0 3 0.72615735 0
0 3 -0.26292576 0
1 0 0.000000 0
0 1 -2.26717147 0
0 2 -0.35263475 0
0 7 -1.31880238 0
1 0 0.000000 0
1 0 0.000000 1
1 0 0.000000 0
1 0 0.000000 0
0 7 -1.02509182 0
0 6 1.23265675 0
0 3 1.49081785 0
0 7 -1.16775124 0
0 4 3.44532761 0
0 3 1.00879878 0
1 0 0.000000 2
1 0 0.000000 1
1 0 0.000000 0
1 0 0.000000 2
0 2 -0.55747668 0
0 6 0.88421441 0
0 2 -0.61087405 0
1 0 0.000000 1
0 3 1.92452692 0
1 0 0.000000 1
1 0 0.000000 1
0 5 -0.22022655 0
0 7 -1.17449459 0
0 3 1.62602799 0
1 0 0.000000 2
1 0 0.000000 1
1 0 0.000000 1
1 0 0.000000 2
0 5 -0.20456843 0
1 0 0.000000 1
1 0 0.000000 2
0 7 -1.15616266 0
0 5 -0.20091672 0
0 1 -2.60812907 0
1 0 0.000000 1
1 0 0.000000 2
1 0 0.000000 2
0 1 -2.64426487 0
0 7 -1.15435268 0
1 0 0.000000 2
0 2 -0.51648711 0
1 0 0.000000 1
0 5 -0.12720519 0
1 0 0.000000 1
1 0 0.000000 2
0 5 -0.17422075 0
0 3 1.96213986 0
1 0 0.000000 2
1 0 0.000000 1
1 0 0.000000 2
0 6 0.76806697 0
0 5 -0.25282799 0
0 5 -0.33153870 0
1 0 0.000000 0
1 0 0.000000 1
0 3 2.20716661 0
0 7 -0.66768040 0
0 2 -0.64255773 0
1 0 0.000000 1
1 0 0.000000 2
1 0 0.000000 0
0 6 0.24540346 0
1 0 0.000000 0
0 5 -0.20802488 0
1 0 0.000000 1
1 0 0.000000 2
0 5 -0.15355954 0
0 1 -2.37486114 0
1 0 0.000000 1
1 0 0.000000 2
1 0 0.000000 2
1 0 0.000000 0
TREE 11
0 4 1.21523821 0
0 1 -0.95345428 0
0 5 -0.29851757 0
0 3 -0.28058949 0
1 0 0.000000 0
0 5 -0.56286555 0
1 0 0.000000 0
1 0 0.000000 1
0 6 0.53577208 0
1 0 0.000000 1
1 0 0.000000 2
1 0 0.000000 0
0 5 -0.18499452 0
0 6 0.01310857 0
0 1 -2.57747402 0
1 0 0.000000 0
1 0 0.000000 0
0 3 1.13937887 0
0 5 -0.28851084 0
0 1 -2.32558881 0
1 0 0.000000 1
1 0 0.000000 0
1 0 0.000000 2
0 5 -0.23192782 0
0 4 1.29026609 0
0 3 1.88942837 0
1 0 0.000000 2
1 0 0.000000 1
0 3 1.65933472 0
0 1 -2.54641670 0
1 0 0.000000 1
1 0 0.000000 1
1 0 0.000000 1
0 3 2.66621757 0
1 0 0.000000 2
1 0 0.000000 1
0 5 -0.15633254 0
0 1 -1.59923264 0
0 7 -1.00275691 0
0 1 -2.74686700 0
1 0 0.000000 1
1 0 0.000000 2
1 0 0.000000 1
1 0 0.000000 0
0 2 -0.25123393 0
1 0 0.000000 2
0 3 2.32082985 0
1 0 0.000000 0
1 0 0.000000 2
TREE 12
0 1 -2.24038929 0
0 5 -0.24204318 0
0 3 1.46843022 0
0 2 -0.97942283 0
1 0 0.000000 0
1 0 0.000000 1
0 5 -0.31853205 0
0 7 -0.77562856 0
1 0 0.000000 1
1 0 0.000000 0
0 3 1.81177605 0
0 7 -1.17134769 0
0 3 1.62602799 0
1 0 0.000000 2
1 0 0.000000 1
1 0 0.000000 1
1 0 0.000000 1
0 5 -0.20021386 0
0 2 -0.59553594 0
0 5 -0.23153504 0
1 0 0.000000 1
1 0 0.000000 2
0 4 1.29470506 0
1 0 0.000000 2
1 0 0.000000 1
0 1 -2.81625152 0
1 0 0.000000 1
0 3 1.34274620 0
0 5 -0.04977450 0
0 6 2.16183632 0
1 0 0.000000 2
1 0 0.000000 1
1 0 0.000000 0
0 6 1.58109909 0
1 0 0.000000 2
0 7 -1.00159498 0
1 0 0.000000 2
0 4 3.27400855 0
1 0 0.000000 1
1 0 0.000000 2
0 1 -0.91337344 0
0 3 1.13197659 0
1 0 0.000000 0
0 6 0.53577208 0
0 1 -2.19923137 0
1 0 0.000000 1
0 6 0.07118229 0
1 0 0.000000 0
1 0 0.000000 2
1 0 0.000000 2
1 0 0.000000 0
TREE 13
0 4 1.05951478 0
0 1 -2.22278169 0
0 2 -0.92298983 0
1 0 0.000000 0
0 5 -0.30702456 0
1 0 0.000000 1
1 0 0.000000 2
0 4 0.71714859 0
1 0 0.000000 0
0 7 -0.89370130 0
1 0 0.000000 2
1 0 0.000000 0
0 5 -0.24889050 0
0 6 0.41962463 0
0 6 0.18732974 0
1 0 0.000000 0
1 0 0.000000 1
0 2 -0.69488011 0
0 2 -0.71001979 0
1 0 0.000000 1
0 1 -2.56175014 0
1 0 0.000000 1
0 7 -1.16415478 0
1 0 0.000000 2
1 0 0.000000 1
1 0 0.000000 1
0 3 2.79203247 0
0 6 0.18732974 0
1 0 0.000000 0
0 5 -0.24075695 0
1 0 0.000000 1
0 5 -0.02992774 0
0 6 1.92954143 0
0 5 -0.23997632 0
1 0 0.000000 1
0 5 -0.16766971 0
0 5 -0.16846770 0
0 1 -2.60539906 0
1 0 0.000000 1
1 0 0.000000 2
1 0 0.000000 1
0 6 0.76806697 0
1 0 0.000000 2
1 0 0.000000 2
1 0 0.000000 1
0 2 -0.00661737 0
0 4 2.21349228 0
1 0 0.000000 1
1 0 0.000000 2
1 0 0.000000 0
0 7 -1.01310364 0
0 1 -2.43572379 0
1 0 0.000000 1
1 0 0.000000 2
0 1 -2.63252533 0
1 0 0.000000 1
0 7 -1.00051604 0
1 0 0.000000 1
1 0 0.000000 2
TREE 14
0 3 0.95393846 0
0 7 -0.80019345 0
0 1 -0.95386838 0
0 3 0.88918985 0
0 2 -0.98364907 0
1 0 0.000000 0
0 2 -0.49688524 0
0 4 3.53945602 0
0 7 -1.04816908 0
1 0 0.000000 1
1 0 0.000000 0
1 0 0.000000 2
1 0 0.000000 0
1 0 0.000000 1
1 0 0.000000 0
1 0 0.000000 0
0 5 -0.21507385 0
0 5 -0.34607449 0
0 7 -1.24779543 0
1 0 0.000000 0
1 0 0.000000 0
0 5 -0.23876694 0
0 1 -2.13885433 0
0 4 1.10085920 0
1 0 0.000000 2
0 2 -0.69675367 0
0 5 -0.27966176 0
1 0 0.000000 1
0 2 -0.71018510 0
1 0 0.000000 1
0 1 -2.69394340 0
1 0 0.000000 1
1 0 0.000000 1
1 0 0.000000 1
0 6 0.12925602 0
1 0 0.000000 0
1 0 0.000000 2
0 3 2.33477517 0
1 0 0.000000 2
0 2 -0.40928919 0
1 0 0.000000 1
1 0 0.000000 0
0 1 -2.25056946 0
0 6 2.27798377 0
0 5 -0.16645801 0
0 7 -0.95901119 0
0 2 -0.50884871 0
1 0 0.000000 2
1 0 0.000000 2
1 0 0.000000 1
1 0 0.000000 2
1 0 0.000000 1
0 1 -1.53388599 0
0 7 -1.00830836 0
1 0 0.000000 1
1 0 0.000000 2
1 0 0.000000 0
TREE 15
0 1 -2.20159172 0
0 5 -0.19176553 0
0 6 -0.04496515 0
0 2 -0.95918638 0
1 0 0.000000 0
0 7 -1.00411250 0
1 0 0.000000 1
0 2 -0.62032672 0
1 0 0.000000 0
1 0 0.000000 0
0 5 -0.25087081 0
0 7 -0.90033476 0
1 0 0.000000 1
1 0 0.000000 0
0 5 -0.21753556 0
0 1 -2.35852314 0
0 2 -0.62362157 0
1 0 0.000000 1
1 0 0.000000 1
1 0 0.000000 2
1 0 0.000000 2
0 3 0.63243930 0
1 0 0.000000 0
0 6 2.16183632 0
0 3 1.73819097 0
0 5 0.02126594 0
0 1 -2.68354553 0
1 0 0.000000 1
1 0 0.000000 2
1 0 0.000000 1
0 3 2.98036038 0
1 0 0.000000 2
0 5 -0.13521384 0
1 0 0.000000 1
1 0 0.000000 2
1 0 0.000000 1
0 3 0.46510642 0
1 0 0.000000 0
0 1 -1.57902397 0
0 6 0.41962463 0
1 0 0.000000 0
1 0 0.000000 2
1 0 0.000000 0
TREE 16
0 4 0.81372302 0
1 0 0.000000 0
0 5 -0.22506519 0
0 1 -2.18218534 0
0 6 0.30347718 0
0 1 -2.36771584 0
1 0 0.000000 1
1 0 0.000000 0
0 1 -2.27529679 0
0 3 1.26918626 0
1 0 0.000000 1
1 0 0.000000 1
0 5 -0.25599042 0
1 0 0.000000 1
1 0 0.000000 2
0 6 0.12925602 0
1 0 0.000000 0
1 0 0.000000 2
0 6 0.47769835 0
1 0 0.000000 0
0 3 0.88676114 0
0 3 0.71420051 0
1 0 0.000000 0
1 0 0.000000 2
0 7 -1.13145973 0
0 3 2.99682400 0
0 6 2.10376260 0
1 0 0.000000 2
1 0 0.000000 1
1 0 0.000000 1
0 3 2.98036038 0
0 6 0.76806697 0
0 7 -1.02509182 0
1 0 0.000000 1
1 0 0.000000 2
1 0 0.000000 2
0 5 -0.13521384 0
1 0 0.000000 1
1 0 0.000000 2
TREE 17
0 4 1.09764634 0
0 4 0.66910582 0
0 4 0.36735338 0
1 0 0.000000 0
0 6 -0.27726005 0
0 1 -2.30233279 0
1 0 0.000000 1
1 0 0.000000 0
1 0 0.000000 0
0 7 -0.89997875 0
0 6 0.18732974 0
1 0 0.000000 1
1 0 0.000000 2
1 0 0.000000 0
0 5 -0.20686555 0
0 6 0.30347718 0
0 1 -2.60281679 0
1 0 0.000000 1
0 7 -1.23068921 0
1 0 0.000000 0
1 0 0.000000 0
0 5 -0.23983261 0
0 2 -0.69824439 0
0 3 1.75136837 0
0 2 -0.71821109 0
1 0 0.000000 1
1 0 0.000000 2
1 0 0.000000 1
1 0 0.000000 1
0 1 -2.33774155 0
1 0 0.000000 1
1 0 0.000000 2
0 1 -0.94410750 0
0 2 -0.25123393 0
0 3 1.01618811 0
1 0 0.000000 0
0 5 -0.13644848 0
0 4 5.98067571 0
0 1 -2.68454006 0
1 0 0.000000 1
0 7 -0.99816451 0
1 0 0.000000 2
0 5 -0.16938973 0
1 0 0.000000 2
1 0 0.000000 2
1 0 0.000000 1
1 0 0.000000 2
0 3 2.32082985 0
0 2 0.12812655 0
1 0 0.000000 1
1 0 0.000000 0
1 0 0.000000 2
1 0 0.000000 0
TREE 18
0 3 1.16662753 0
0 4 0.71588272 0
1 0 0.000000 0
0 5 -0.38307319 0
0 2 -0.97780177 0
1 0 0.000000 0
0 1 -2.24913604 0
1 0 0.000000 1
1 0 0.000000 0
0 3 0.72615735 0
1 0 0.000000 0
0 2 -0.60559221 0
0 4 1.32097511 0
1 0 0.000000 1
1 0 0.000000 2
1 0 0.000000 1
0 5 -0.22934547 0
0 5 -0.32391101 0
0 6 0.07118229 0
1 0 0.000000 0
1 0 0.000000 1
0 6 0.07118229 0
1 0 0.000000 0
0 1 -2.12854491 0
0 1 -2.16683495 0
0 3 1.81387696 0
0 2 -0.62795358 0
0 6 0.88421441 0
1 0 0.000000 1
0 1 -2.57353417 0
1 0 0.000000 1
1 0 0.000000 2
1 0 0.000000 1
1 0 0.000000 1
1 0 0.000000 2
1 0 0.000000 2
0 4 0.97532863 0
0 6 0.76806697 0
1 0 0.000000 0
1 0 0.000000 2
0 3 3.01325862 0
0 2 -0.37996365 0
0 1 -2.25056946 0
1 0 0.000000 2
0 2 -0.55525888 0
1 0 0.000000 2
1 0 0.000000 2
0 2 -0.21420098 0
1 0 0.000000 2
1 0 0.000000 0
0 5 -0.14771876 0
1 0 0.000000 1
1 0 0.000000 2
TREE 19
0 4 1.07757906 0
0 1 -2.31073601 0
0 3 0.97653644 0
0 1 -2.32292823 0
1 0 0.000000 0
1 0 0.000000 1
1 0 0.000000 2
0 6 0.70999325 0
1 0 0.000000 0
0 6 1.00036186 0
1 0 0.000000 2
1 0 0.000000 0
0 5 -0.16586094 0
0 3 1.58292674 0
0 6 0.07118229 0
1 0 0.000000 0
0 4 1.55529697 0
0 5 -0.24967406 0
1 0 0.000000 1
1 0 0.000000 2
0 6 1.11650931 0
0 5 -0.24677497 0
1 0 0.000000 1
1 0 0.000000 2
1 0 0.000000 2
0 5 -0.24040596 0
0 6 0.07118229 0
1 0 0.000000 0
0 3 1.78826164 0
0 3 1.59793911 0
1 0 0.000000 2
1 0 0.000000 1
1 0 0.000000 1
0 1 -2.44861798 0
0 4 2.84046744 0
1 0 0.000000 1
0 3 2.81979767 0
1 0 0.000000 2
1 0 0.000000 1
0 6 0.18732974 0
1 0 0.000000 0
0 1 -2.43327900 0
1 0 0.000000 2
1 0 0.000000 2
0 6 2.16183632 0
0 5 -0.16070911 0
1 0 0.000000 1
0 5 -0.01110292 0
0 3 1.22046540 0
1 0 0.000000 2
0 6 1.92954143 0
1 0 0.000000 2
1 0 0.000000 2
1 0 0.000000 2
1 0 0.000000 1
TREE 20
0 1 -0.88217034 0
0 5 -0.22238571 0
0 5 -0.31868552 0
0 6 0.07118229 0
0 1 -2.29598822 0
0 2 -0.96060914 0
1 0 0.000000 0
0 2 -0.61589616 0
1 0 0.000000 1
1 0 0.000000 0
1 0 0.000000 0
1 0 0.000000 1
0 3 1.91271149 0
0 5 -0.25467284 0
1 0 0.000000 1
0 4 2.40295225 0
1 0 0.000000 2
1 0 0.000000 1
0 1 -2.38058017 0
1 0 0.000000 1
0 6 0.65191952 0
1 0 0.000000 1
1 0 0.000000 2
0 1 -1.58086321 0
0 2 -0.20309230 0
0 1 -2.67681163 0
0 3 3.00321235 0
1 0 0.000000 2
1 0 0.000000 1
0 4 2.36576078 0
0 5 -0.20640055 0
1 0 0.000000 1
0 3 1.08631472 0
1 0 0.000000 1
0 3 2.93790407 0
0 1 -2.25056946 0
1 0 0.000000 2
0 1 -2.24800979 0
1 0 0.000000 1
1 0 0.000000 2
0 1 -2.54107588 0
1 0 0.000000 1
1 0 0.000000 2
1 0 0.000000 2
0 2 -0.10766596 0
1 0 0.000000 2
1 0 0.000000 0
1 0 0.000000 0
1 0 0.000000 0
TREE 21
0 6 0.30347718 0
0 7 -0.41249551 0
0 1 -2.30929850 0
0 2 -0.82786379 0
1 0 0.000000 0
1 0 0.000000 1
1 0 0.000000 0
1 0 0.000000 0
0 2 -0.54196887 0
0 5 -0.24322742 0
0 7 -1.13628225 0
0 3 1.73481731 0
0 7 -1.17494415 0
1 0 0.000000 1
1 0 0.000000 1
1 0 0.000000 1
1 0 0.000000 1
0 4 0.06429815 0
1 0 0.000000 0
0 3 2.35006130 0
0 7 -1.20126620 0
1 0 0.000000 0
0 5 -0.23966123 0
1 0 0.000000 1
0 6 0.76806697 0
0 4 1.12639906 0
1 0 0.000000 1
1 0 0.000000 2
1 0 0.000000 2
0 3 2.46550797 0
1 0 0.000000 2
1 0 0.000000 1
0 5 -0.02078852 0
0 7 -0.94868291 0
0 5 -0.18559234 0
0 4 1.38308739 0
1 0 0.000000 2
1 0 0.000000 1
0 1 -2.64470597 0
0 3 2.17397538 0
1 0 0.000000 1
1 0 0.000000 2
1 0 0.000000 2
0 5 -0.26543624 0
1 0 0.000000 1
0 2 -0.48443183 0
1 0 0.000000 2
1 0 0.000000 2
0 1 -2.50234214 0
1 0 0.000000 2
0 5 0.00389094 0
1 0 0.000000 0
1 0 0.000000 0
TREE 22
0 4 0.55127974 0
0 1 -2.09340577 0
0 5 -0.58969135 0
1 0 0.000000 0
1 0 0.000000 0
1 0 0.000000 0
0 6 0.41962463 0
0 1 -2.19337484 0
0 4 1.40445075 0
1 0 0.000000 1
0 6 0.24540346 0
0 5 -0.57841393 0
1 0 0.000000 0
1 0 0.000000 0
1 0 0.000000 1
1 0 0.000000 0
0 7 -1.07213637 0
0 5 -0.24337546 0
1 0 0.000000 1
0 1 -2.71384227 0
1 0 0.000000 1
0 1 -2.59010939 0
0 6 1.34880420 0
1 0 0.000000 1
0 3 2.74956175 0
1 0 0.000000 2
1 0 0.000000 1
0 3 0.76018529 0
1 0 0.000000 0
1 0 0.000000 2
0 5 -0.22860958 0
0 1 -2.18894938 0
0 4 1.30143317 0
0 3 1.90103633 0
1 0 0.000000 2
1 0 0.000000 1
1 0 0.000000 1
1 0 0.000000 2
0 3 1.59156161 0
0 2 -0.50380060 0
1 0 0.000000 2
0 3 0.68890799 0
1 0 0.000000 0
1 0 0.000000 1
0 3 3.02929436 0
0 1 -2.68832139 0
1 0 0.000000 1
0 3 1.87218725 0
0 6 0.82614069 0
1 0 0.000000 2
1 0 0.000000 2
1 0 0.000000 2
0 5 -0.15186337 0
1 0 0.000000 1
1 0 0.000000 2
TREE 23
0 6 0.41962463 0
0 1 -2.09340577 0
0 5 -0.56286555 0
0 1 -2.62533778 0
0 4 1.16675197 0
1 0 0.000000 0
1 0 0.000000 1
1 0 0.000000 0
0 1 -2.22058549 0
1 0 0.000000 1
0 5 -0.32869517 0
1 0 0.000000 0
1 0 0.000000 1
1 0 0.000000 0
0 5 -0.24539260 0
0 4 2.10963878 0
0 7 -1.17222683 0
0 3 1.69826662 0
1 0 0.000000 1
1 0 0.000000 1
1 0 0.000000 1
1 0 0.000000 1
0 4 1.03435762 0
0 5 0.53646659 0
0 4 0.81300558 0
1 0 0.000000 0
1 0 0.000000 2
1 0 0.000000 0
0 6 2.16183632 0
0 3 2.69767699 0
0 2 -0.22500296 0
0 5 -0.22238571 0
0 1 -2.37304450 0
1 0 0.000000 1
1 0 0.000000 2
0 6 0.76806697 0
0 7 -1.02509182 0
1 0 0.000000 2
1 0 0.000000 2
1 0 0.000000 2
0 6 1.69724654 0
1 0 0.000000 0
1 0 0.000000 1
0 2 -0.50413327 0
1 0 0.000000 1
1 0 0.000000 2
1 0 0.000000 1
TREE 24
0 1 -2.20775317 0
0 2 -0.59176891 0
0 6 -0.16111260 0
0 3 -0.19557843 0
1 0 0.000000 0
1 0 0.000000 0
0 3 1.85947448 0
0 6 0.70999325 0
1 0 0.000000 1
0 5 -0.24898443 0
0 5 -0.27878100 0
1 0 0.000000 1
1 0 0.000000 1
1 0 0.000000 2
0 5 -0.23933604 0
1 0 0.000000 1
0 7 -1.16546258 0
1 0 0.000000 1
1 0 0.000000 2
0 5 -0.17536047 0
0 6 0.30347718 0
0 4 0.90094481 0
1 0 0.000000 1
1 0 0.000000 0
0 5 -0.20585587 0
1 0 0.000000 1
0 6 1.17458303 0
1 0 0.000000 2
1 0 0.000000 1
0 3 1.68588147 0
0 6 1.52302537 0
1 0 0.000000 2
1 0 0.000000 1
1 0 0.000000 2
0 4 0.80400270 0
1 0 0.000000 0
0 6 0.41962463 0
0 1 -2.19923137 0
1 0 0.000000 1
1 0 0.000000 0
1 0 0.000000 2
TREE 25
0 4 0.76660276 0
0 4 0.59493460 0
0 4 0.36022041 0
1 0 0.000000 0
0 5 -0.54882964 0
1 0 0.000000 0
1 0 0.000000 0
0 3 -0.24948463 0
1 0 0.000000 1
1 0 0.000000 0
0 7 -1.08179594 0
0 2 -0.54525065 0
0 3 1.79632324 0
0 7 -1.31492928 0
1 0 0.000000 0
0 2 -0.86729778 0
0 2 -0.98432065 0
1 0 0.000000 0
1 0 0.000000 1
0 7 -1.08970814 0
0 6 2.21991005 0
0 5 -0.24898443 0
1 0 0.000000 1
1 0 0.000000 2
1 0 0.000000 1
0 5 -0.22792307 0
1 0 0.000000 1
1 0 0.000000 2
0 3 2.07074328 0
0 7 -1.12579259 0
0 6 1.81339398 0
1 0 0.000000 1
0 5 -0.19708319 0
1 0 0.000000 1
1 0 0.000000 2
0 2 -0.62416784 0
1 0 0.000000 1
1 0 0.000000 2
0 5 -0.24738667 0
1 0 0.000000 1
0 3 2.51666680 0
1 0 0.000000 1
1 0 0.000000 1
0 3 2.86623721 0
0 3 2.05134001 0
1 0 0.000000 1
1 0 0.000000 2
1 0 0.000000 1
0 6 0.88421441 0
0 1 -2.20062578 0
0 1 -2.32044457 0
1 0 0.000000 1
0 6 0.59384580 0
0 2 -0.47616027 0
1 0 0.000000 1
1 0 0.000000 0
0 3 1.79246034 0
1 0 0.000000 2
1 0 0.000000 2
0 1 -1.54077910 0
0 6 0.18732974 0
1 0 0.000000 0
1 0 0.000000 2
1 0 0.000000 0
0 2 -0.20360999 0
0 5 -0.13480260 0
0 7 -0.99584065 0
0 3 2.88647718 0
0 1 -2.49033814 0
1 0 0.000000 1
1 0 0.000000 2
1 0 0.000000 1
1 0 0.000000 2
0 5 0.07687177 0
1 0 0.000000 2
1 0 0.000000 1
0 2 -0.14226828 0
1 0 0.000000 2
1 0 0.000000 0
TREE 26
0 4 1.28255528 0
0 3 -0.02794277 0
0 4 0.36735338 0
1 0 0.000000 0
0 1 -1.52233562 0
0 2 -1.02763675 0
1 0 0.000000 0
1 0 0.000000 1
1 0 0.000000 0
0 1 -0.96479087 0
0 4 1.22081877 0
0 6 0.76806697 0
0 7 -1.02089596 0
1 0 0.000000 1
0 6 0.07118229 0
1 0 0.000000 0
0 7 -0.81941814 0
1 0 0.000000 2
1 0 0.000000 0
1 0 0.000000 2
0 2 -0.51973661 0
1 0 0.000000 1
1 0 0.000000 2
1 0 0.000000 0
0 2 -0.50780753 0
0 2 -0.59619324 0
0 3 1.88966678 0
0 5 -0.22749921 0
0 2 -1.05048737 0
1 0 0.000000 0
0 3 0.91913313 0
1 0 0.000000 0
0 3 1.59793911 0
0 1 -2.54641670 0
1 0 0.000000 2
1 0 0.000000 1
0 1 -2.23848782 0
1 0 0.000000 1
1 0 0.000000 2
0 6 0.36155091 0
1 0 0.000000 0
1 0 0.000000 2
0 5 -0.24433531 0
0 1 -2.15934006 0
0 6 0.07118229 0
1 0 0.000000 0
1 0 0.000000 1
1 0 0.000000 0
0 5 -0.23145369 0
1 0 0.000000 1
1 0 0.000000 2
0 5 -0.16870003 0
0 4 1.45713704 0
0 2 -0.56041177 0
1 0 0.000000 1
0 5 -0.23034022 0
1 0 0.000000 1
1 0 0.000000 2
1 0 0.000000 1
1 0 0.000000 2
0 5 -0.22106264 0
1 0 0.000000 1
0 2 0.13836753 0
0 5 0.07687177 0
0 6 1.92954143 0
0 5 -0.03205533 0
1 0 0.000000 2
0 3 1.27925779 0
1 0 0.000000 0
1 0 0.000000 2
1 0 0.000000 1
1 0 0.000000 1
1 0 0.000000 0
TREE 27
0 6 0.41962463 0
0 6 0.30347718 0
0 1 -2.19012714 0
0 4 0.26217338 0
1 0 0.000000 0
0 2 -0.99757390 0
1 0 0.000000 0
0 5 -0.38307319 0
1 0 0.000000 1
1 0 0.000000 0
1 0 0.000000 0
0 4 1.06785063 0
1 0 0.000000 0
1 0 0.000000 1
0 5 -0.15633254 0
0 5 -0.24206365 0
1 0 0.000000 1
0 3 2.36495347 0
0 6 2.04568888 0
0 7 -1.02864217 0
1 0 0.000000 2
0 7 -1.02089596 0
1 0 0.000000 1
0 3 1.86386479 0
1 0 0.000000 1
1 0 0.000000 2
1 0 0.000000 1
0 4 1.31327659 0
1 0 0.000000 2
1 0 0.000000 1
0 1 -1.52941696 0
0 2 0.06531533 0
0 6 2.27798377 0
0 3 1.36137536 0
1 0 0.000000 2
1 0 0.000000 2
1 0 0.000000 1
1 0 0.000000 0
1 0 0.000000 0
TREE 28
0 1 -1.56844835 0
0 5 -0.20067376 0
0 5 -0.42356983 0
0 4 0.26217338 0
1 0 0.000000 0
0 2 -0.98432065 0
1 0 0.000000 0
0 1 -2.31201380 0
1 0 0.000000 1
1 0 0.000000 0
0 1 -2.27529679 0
0 2 -0.74067653 0
0 1 -2.39132786 0
1 0 0.000000 1
1 0 0.000000 2
0 2 -0.69421353 0
0 5 -0.27878953 0
1 0 0.000000 1
0 5 -0.27771399 0
1 0 0.000000 2
1 0 0.000000 1
1 0 0.000000 1
0 5 -0.25381896 0
1 0 0.000000 1
1 0 0.000000 2
0 6 2.16183632 0
0 2 -0.19764164 0
0 5 -0.15674763 0
0 7 -0.95203960 0
0 6 1.58109909 0
1 0 0.000000 2
1 0 0.000000 2
1 0 0.000000 1
1 0 0.000000 2
1 0 0.000000 0
1 0 0.000000 1
1 0 0.000000 0
TREE 29
0 1 -2.20062578 0
0 5 -0.25198159 0
0 6 0.30347718 0
0 7 -0.84047375 0
0 5 -0.48055385 0
1 0 0.000000 0
1 0 0.000000 0
1 0 0.000000 1
0 3 1.64602661 0
0 7 -1.17134769 0
1 0 0.000000 1
1 0 0.000000 1
1 0 0.000000 1
0 5 -0.22739056 0
0 7 -1.00334961 0
0 6 0.65191952 0
1 0 0.000000 2
1 0 0.000000 1
1 0 0.000000 2
0 6 1.92954143 0
0 5 -0.01517211 0
0 1 -2.71937717 0
1 0 0.000000 1
0 3 3.05106637 0
1 0 0.000000 2
0 4 2.38109528 0
0 2 -0.41378677 0
1 0 0.000000 1
1 0 0.000000 2
1 0 0.000000 2
0 2 0.05986467 0
0 5 0.05386758 0
1 0 0.000000 2
1 0 0.000000 1
1 0 0.000000 0
1 0 0.000000 1
0 4 0.40617705 0
1 0 0.000000 0
0 6 0.41962463 0
1 0 0.000000 0
0 3 1.21957497 0
1 0 0.000000 0
1 0 0.000000 2
TREE 30
0 4 1.25928924 0
0 1 -2.12970653 0
0 6 -0.16111260 0
0 6 -0.27726005 0
1 0 0.000000 0
1 0 0.000000 0
0 5 -0.25381896 0
1 0 0.000000 1
0 3 1.73625707 0
1 0 0.000000 2
1 0 0.000000 2
0 4 1.03571369 0
1 0 0.000000 0
1 0 0.000000 2
0 5 -0.24040135 0
0 1 -2.25927605 0
0 6 -0.04496515 0
1 0 0.000000 0
1 0 0.000000 1
0 1 -2.22232793 0
1 0 0.000000 1
0 6 0.24540346 0
1 0 0.000000 0
1 0 0.000000 1
0 3 2.73811564 0
0 6 0.24540346 0
1 0 0.000000 0
0 2 -0.21420098 0
0 6 2.16183632 0
0 6 0.88421441 0
0 1 -2.36145140 0
1 0 0.000000 1
1 0 0.000000 2
0 5 -0.15458524 0
0 7 -1.01921761 0
1 0 0.000000 2
1 0 0.000000 1
1 0 0.000000 2
1 0 0.000000 1
1 0 0.000000 0
0 2 -0.44368461 0
0 4 1.36651158 0
1 0 0.000000 2
1 0 0.000000 1
1 0 0.000000 2
TREE 31
0 1 -1.56844835 0
0 2 -0.52277359 0
0 5 -0.22672091 0
0 3 0.01923950 0
0 6 -0.33533377 0
1 0 0.000000 0
1 0 0.000000 1
0 1 -2.23779810 0
0 6 0.01310857 0
1 0 0.000000 0
1 0 0.000000 1
0 5 -0.26825884 0
0 3 1.21194728 0
1 0 0.000000 0
1 0 0.000000 1
1 0 0.000000 2
0 5 -0.19374113 0
0 1 -2.59052992 0
1 0 0.000000 1
0 5 -0.22452630 0
1 0 0.000000 1
1 0 0.000000 2
0 1 -2.29191908 0
1 0 0.000000 2
0 3 1.81076750 0
1 0 0.000000 1
1 0 0.000000 2
0 5 -0.20550683 0
0 6 0.30347718 0
1 0 0.000000 0
0 5 -0.21342504 0
1 0 0.000000 1
1 0 0.000000 2
0 3 0.50586345 0
1 0 0.000000 0
0 5 -0.00580894 0
0 1 -2.79085949 0
1 0 0.000000 1
0 3 1.89396795 0
1 0 0.000000 2
1 0 0.000000 2
1 0 0.000000 0
1 0 0.000000 0
TREE 32
0 1 -1.02400952 0
0 7 -1.03592478 0
0 3 1.65673106 0
0 5 -0.50462241 0
0 2 -0.96408420 0
1 0 0.000000 0
1 0 0.000000 1
0 5 -0.28717006 0
1 0 0.000000 1
0 6 2.16183632 0
0 6 1.69724654 0
0 5 -0.24898443 0
1 0 0.000000 1
0 7 -1.04454089 0
1 0 0.000000 2
1 0 0.000000 0
1 0 0.000000 2
1 0 0.000000 1
0 7 -1.16895006 0
0 5 -0.47945427 0
1 0 0.000000 0
0 1 -2.65664286 0
1 0 0.000000 1
0 6 1.52302537 0
1 0 0.000000 1
1 0 0.000000 2
0 6 1.23265675 0
0 1 -2.43210119 0
0 5 -0.20456843 0
1 0 0.000000 1
1 0 0.000000 2
0 6 0.82614069 0
1 0 0.000000 1
1 0 0.000000 2
0 3 2.67425517 0
0 5 -0.15873737 0
0 7 -1.13181742 0
1 0 0.000000 1
1 0 0.000000 2
1 0 0.000000 2
0 5 -0.17493675 0
1 0 0.000000 1
1 0 0.000000 2
0 5 -0.24063882 0
0 5 -0.33924003 0
0 5 -0.47148724 0
1 0 0.000000 0
0 6 0.01310857 0
1 0 0.000000 1
1 0 0.000000 0
1 0 0.000000 1
0 2 0.08422602 0
0 5 -0.21255581 0
0 3 2.33477517 0
1 0 0.000000 2
1 0 0.000000 1
0 6 1.58109909 0
1 0 0.000000 2
0 3 1.98159129 0
1 0 0.000000 1
1 0 0.000000 2
1 0 0.000000 0
1 0 0.000000 0
TREE 33
0 1 -2.27597440 0
0 2 -0.58484442 0
0 6 -0.39340749 0
1 0 0.000000 0
0 1 -2.69235356 0
0 4 6.51691557 0
1 0 0.000000 1
0 5 -0.46284553 0
1 0 0.000000 0
1 0 0.000000 1
0 6 1.23265675 0
0 1 -2.40294144 0
0 5 -0.33238141 0
0 5 -0.60521714 0
1 0 0.000000 0
0 1 -2.57633175 0
1 0 0.000000 1
1 0 0.000000 0
0 5 -0.25192851 0
0 7 -1.17449459 0
0 3 1.62602799 0
1 0 0.000000 2
1 0 0.000000 1
1 0 0.000000 1
0 3 2.13443260 0
1 0 0.000000 2
0 5 -0.20633859 0
1 0 0.000000 1
1 0 0.000000 2
0 6 0.65191952 0
1 0 0.000000 1
1 0 0.000000 2
0 5 -0.23113271 0
1 0 0.000000 1
1 0 0.000000 2
0 1 -2.67674324 0
0 4 4.21783697 0
1 0 0.000000 1
1 0 0.000000 2
0 5 -0.20780742 0
1 0 0.000000 1
0 2 -0.24526913 0
0 4 1.96872901 0
0 3 2.99888265 0
1 0 0.000000 2
1 0 0.000000 1
1 0 0.000000 2
1 0 0.000000 0
0 6 0.30347718 0
1 0 0.000000 0
0 4 0.78757487 0
1 0 0.000000 0
0 5 -0.25197968 0
1 0 0.000000 1
0 5 0.07255546 0
1 0 0.000000 2
1 0 0.000000 0
TREE 34
0 3 1.41487488 0
0 1 -2.33174851 0
0 5 -0.56705715 0
0 2 -0.96408420 0
1 0 0.000000 0
1 0 0.000000 1
0 3 1.03249495 0
0 2 -0.23944582 0
1 0 0.000000 1
1 0 0.000000 0
0 1 -2.72130812 0
1 0 0.000000 1
0 5 -0.24175435 0
1 0 0.000000 1
1 0 0.000000 2
0 3 1.09883878 0
0 4 0.56721362 0
1 0 0.000000 0
0 1 -2.24913604 0
1 0 0.000000 1
1 0 0.000000 0
0 3 1.33823403 0
1 0 0.000000 0
1 0 0.000000 2
0 5 -0.24431431 0
0 1 -2.21158653 0
0 7 -0.90089421 0
0 2 -0.67975586 0
0 3 1.63170271 0
1 0 0.000000 1
1 0 0.000000 1
1 0 0.000000 1
1 0 0.000000 0
0 5 -0.32444362 0
1 0 0.000000 0
0 7 -0.67179997 0
1 0 0.000000 1
1 0 0.000000 0
0 6 0.41962463 0
1 0 0.000000 0
0 3 2.79437651 0
0 6 0.88421441 0
0 5 -0.23966123 0
0 3 1.74165963 0
1 0 0.000000 2
1 0 0.000000 1
0 7 -1.02509182 0
1 0 0.000000 1
0 3 2.48668407 0
1 0 0.000000 2
1 0 0.000000 2
0 6 2.16183632 0
0 3 1.76359054 0
0 7 -1.01670009 0
1 0 0.000000 2
1 0 0.000000 2
0 5 -0.17301928 0
0 1 -2.52664950 0
1 0 0.000000 1
1 0 0.000000 2
1 0 0.000000 2
1 0 0.000000 1
0 1 -2.59815819 0
0 5 -0.10564411 0
1 0 0.000000 1
1 0 0.000000 2
0 7 -1.02372010 0
1 0 0.000000 1
0 7 0.20458275 0
0 2 -0.49010726 0
1 0 0.000000 1
1 0 0.000000 2
1 0 0.000000 0
TREE 35
0 6 0.41962463 0
0 4 0.49160303 0
1 0 0.000000 0
0 1 -2.19385401 0
0 5 -0.33214496 0
0 7 -0.84407021 0
1 0 0.000000 0
1 0 0.000000 1
1 0 0.000000 1
1 0 0.000000 0
0 2 -0.50581071 0
0 3 2.02748583 0
0 5 -0.25123996 0
1 0 0.000000 1
0 1 -2.15566965 0
0 6 2.27798377 0
0 1 -2.32839178 0
1 0 0.000000 2
0 4 1.12639906 0
1 0 0.000000 1
0 2 -0.63498848 0
0 4 2.76157345 0
1 0 0.000000 2
1 0 0.000000 1
1 0 0.000000 2
1 0 0.000000 1
0 5 0.14308480 0
1 0 0.000000 2
1 0 0.000000 0
0 5 -0.14989506 0
0 5 -0.19890795 0
1 0 0.000000 1
0 3 2.73065001 0
1 0 0.000000 2
1 0 0.000000 1
1 0 0.000000 2
0 2 -0.18661374 0
0 1 -2.64116123 0
0 2 -0.44470251 0
1 0 0.000000 1
1 0 0.000000 2
0 2 -0.49576879 0
0 3 2.84686706 0
0 6 0.88421441 0
1 0 0.000000 1
1 0 0.000000 2
1 0 0.000000 1
0 6 0.65191952 0
0 3 2.41039544 0
1 0 0.000000 2
1 0 0.000000 1
0 5 -0.00580894 0
1 0 0.000000 2
1 0 0.000000 0
0 5 -0.01369853 0
1 0 0.000000 2
1 0 0.000000 0
TREE 36
0 6 0.30347718 0
0 4 0.69932157 0
1 0 0.000000 0
0 3 0.70886291 0
0 5 -0.31654429 0
0 4 4.59040510 0
0 7 -1.03767942 0
1 0 0.000000 1
1 0 0.000000 1
1 0 0.000000 0
1 0 0.000000 0
1 0 0.000000 0
0 5 -0.23789150 0
0 4 1.22738718 0
0 1 -2.20259846 0
1 0 0.000000 1
1 0 0.000000 2
0 3 1.80262493 0
0 6 0.88421441 0
1 0 0.000000 1
0 4 2.49699388 0
1 0 0.000000 2
1 0 0.000000 1
1 0 0.000000 1
0 5 0.05102690 0
0 4 1.39570686 0
1 0 0.000000 2
0 5 -0.19940142 0
0 3 2.33477517 0
1 0 0.000000 2
1 0 0.000000 1
0 2 -0.34058314 0
0 1 -2.64330412 0
0 5 -0.16261098 0
1 0 0.000000 1
1 0 0.000000 2
1 0 0.000000 2
0 3 1.59084069 0
1 0 0.000000 0
1 0 0.000000 2
0 5 0.16123785 0
1 0 0.000000 0
1 0 0.000000 0
TREE 37
0 7 -0.86697395 0
0 5 -0.16615455 0
0 6 0.18732974 0
0 2 -0.91900742 0
1 0 0.000000 0
0 7 -0.95292294 0
1 0 0.000000 1
1 0 0.000000 0
0 5 -0.22506519 0
0 4 1.23426795 0
0 5 -0.26770520 0
1 0 0.000000 1
1 0 0.000000 2
0 3 1.81643021 0
0 4 2.13501085 0
0 6 0.82614069 0
1 0 0.000000 1
1 0 0.000000 1
1 0 0.000000 1
0 4 1.57097360 0
0 3 2.11237163 0
0 3 2.09039533 0
1 0 0.000000 1
1 0 0.000000 2
1 0 0.000000 1
1 0 0.000000 1
0 3 2.84031371 0
0 1 -2.68357204 0
1 0 0.000000 1
1 0 0.000000 2
1 0 0.000000 1
0 1 -2.20778056 0
0 4 5.42017607 0
0 1 -2.72279488 0
1 0 0.000000 1
0 6 0.76806697 0
1 0 0.000000 2
0 5 0.00531935 0
1 0 0.000000 2
1 0 0.000000 0
0 4 5.81660972 0
1 0 0.000000 2
1 0 0.000000 1
0 3 -0.20985843 0
1 0 0.000000 0
1 0 0.000000 2
0 4 0.61584131 0
0 5 -0.55503715 0
0 4 -0.12212352 0
1 0 0.000000 0
1 0 0.000000 0
1 0 0.000000 0
0 4 1.70958076 0
1 0 0.000000 0
0 3 1.24174319 0
1 0 0.000000 0
1 0 0.000000 2
TREE 38
0 1 -0.92831264 0
0 7 -1.03684024 0
0 2 -0.58118789 0
0 3 1.82447318 0
0 5 -0.28028043 0
0 3 -0.17747169 0
0 2 -1.00267125 0
1 0 0.000000 0
1 0 0.000000 1
0 5 -0.57318480 0
1 0 0.000000 0
0 2 -1.03295788 0
1 0 0.000000 0
1 0 0.000000 1
0 6 2.21991005 0
0 6 0.47769835 0
1 0 0.000000 0
0 5 -0.24677497 0
1 0 0.000000 1
1 0 0.000000 2
1 0 0.000000 1
0 5 -0.24144888 0
0 5 -0.30822740 0
0 3 2.81611414 0
1 0 0.000000 1
1 0 0.000000 0
1 0 0.000000 1
0 5 -0.20185126 0
1 0 0.000000 1
1 0 0.000000 2
0 5 -0.22448879 0
1 0 0.000000 1
0 5 -0.06401551 0
0 6 2.16183632 0
0 3 2.68960123 0
1 0 0.000000 2
1 0 0.000000 2
1 0 0.000000 1
1 0 0.000000 0
0 5 -0.22586963 0
0 4 1.18367707 0
0 3 1.46629010 0
0 2 -0.62032672 0
1 0 0.000000 0
1 0 0.000000 0
1 0 0.000000 2
0 6 0.24540346 0
1 0 0.000000 0
0 4 1.19120640 0
1 0 0.000000 2
0 5 -0.23975502 0
1 0 0.000000 1
0 2 -0.60065216 0
1 0 0.000000 2
1 0 0.000000 1
0 5 -0.22152919 0
1 0 0.000000 1
0 3 1.25678852 0
0 6 1.52302537 0
1 0 0.000000 0
1 0 0.000000 1
0 5 -0.21512897 0
1 0 0.000000 2
0 7 -0.43599235 0
0 6 1.58109909 0
1 0 0.000000 2
0 3 1.98159129 0
1 0 0.000000 1
1 0 0.000000 2
1 0 0.000000 0
1 0 0.000000 0
TREE 39
0 4 1.21523821 0
0 1 -2.17619571 0
0 5 -0.27078382 0
0 4 0.71353301 0
1 0 0.000000 0
1 0 0.000000 1
1 0 0.000000 2
0 1 -2.13856392 0
0 6 0.01310857 0
1 0 0.000000 0
1 0 0.000000 2
0 4 0.88993375 0
1 0 0.000000 0
0 2 -0.52130635 0
1 0 0.000000 2
1 0 0.000000 0
0 6 0.88421441 0
0 5 -0.22906425 0
0 6 0.12925602 0
0 3 0.22460290 0
1 0 0.000000 1
1 0 0.000000 0
1 0 0.000000 1
0 6 0.24540346 0
1 0 0.000000 0
0 1 -2.34045919 0
1 0 0.000000 1
1 0 0.000000 2
0 1 -2.50875795 0
0 2 -0.53138389 0
0 3 1.77461759 0
0 6 2.21991005 0
0 5 -0.29100471 0
1 0 0.000000 1
1 0 0.000000 2
1 0 0.000000 1
0 3 2.16359705 0
0 2 -0.63907124 0
1 0 0.000000 1
0 5 -0.21262036 0
1 0 0.000000 1
1 0 0.000000 2
0 7 -1.09262527 0
0 3 2.40129092 0
0 7 -1.15672211 0
1 0 0.000000 1
0 1 -2.63484232 0
1 0 0.000000 2
1 0 0.000000 1
1 0 0.000000 1
0 6 1.34880420 0
1 0 0.000000 1
1 0 0.000000 2
0 2 0.14752162 0
0 5 -0.21460278 0
1 0 0.000000 1
0 2 -0.52663956 0
1 0 0.000000 1
0 6 2.16183632 0
1 0 0.000000 2
1 0 0.000000 1
1 0 0.000000 0
0 3 1.17966715 0
1 0 0.000000 1
0 5 -0.13999585 0
0 1 -2.46609360 0
1 0 0.000000 1
1 0 0.000000 2
1 0 0.000000 2
TREE 40
0 1 -2.23377989 0
0 5 -0.23661970 0
0 6 0.41962463 0
0 5 -0.48260652 0
0 5 -0.60813474 0
1 0 0.000000 0
0 5 -0.57841393 0
1 0 0.000000 1
0 1 -2.31201380 0
1 0 0.000000 0
1 0 0.000000 0
1 0 0.000000 1
1 0 0.000000 1
0 1 -2.69652623 0
1 0 0.000000 1
0 3 1.27764042 0
0 5 -0.06171655 0
1 0 0.000000 2
0 3 0.77066919 0
1 0 0.000000 0
1 0 0.000000 1
0 6 0.88421441 0
0 3 2.48668407 0
1 0 0.000000 2
1 0 0.000000 1
0 5 -0.17071409 0
0 1 -2.45251711 0
1 0 0.000000 1
1 0 0.000000 2
0 5 -0.16688839 0
1 0 0.000000 2
1 0 0.000000 2
0 4 0.81090080 0
1 0 0.000000 0
0 5 -0.24054503 0
0 1 -2.19248749 0
1 0 0.000000 1
1 0 0.000000 0
0 7 -0.57577460 0
1 0 0.000000 2
1 0 0.000000 0
